99 0 84 3112
98 1 48 4263
97 1 70 4125
96 0 54 504
95 1 99 1221
94 0 42 698
93 1 44 4482
92 1 77 8901
91 1 90 8343
90 0 67 2457
89 0 76 8399
88 0 54 7813
87 0 38 654
86 0 5 791
85 1 20 2512
84 1 64 818
83 1 24 5715
82 0 20 2324
81 1 37 5295
80 0 13 9403
79 0 13 2374
78 0 90 3733
77 0 91 8667
76 0 4 4763
75 1 24 1217
74 0 9 2538
73 1 69 6359
72 0 40 1401
71 1 39 4744
70 1 62 5963
69 1 100 8529
68 0 62 2193
67 1 2 22
66 1 96 5577
65 1 7 4454
64 1 28 1514
63 1 85 6691
62 0 82 351
61 1 67 688
60 1 96 511
59 0 30 7889
58 1 91 6131
57 1 70 5712
56 1 52 3920
55 1 79 9995
54 1 50 3800
53 1 82 5352
52 0 28 4145
51 1 2 1194
50 0 14 476
49 1 53 3735
48 0 44 2410
47 0 8 807
46 1 8 4411
45 1 24 2369
44 1 29 1276
43 0 18 766
42 1 38 1501
41 1 42 5451
40 1 58 249
39 0 12 6934
38 0 28 6440
37 1 32 2243
36 0 11 7300
35 0 7 6829
34 1 62 9633
33 1 86 1808
32 1 46 5032
31 0 2 3012
30 1 16 4531
29 1 39 605
28 1 83 9476
27 1 93 2917
26 1 34 7980
25 0 18 8905
24 0 46 505
23 1 87 8985
22 1 92 6025
21 1 11 5019
20 0 7 1797
19 1 45 2457
18 1 74 4516
17 1 18 1931
16 0 95 1248
15 1 73 1445
14 0 53 8259
13 1 13 5874
12 0 74 4522
11 1 41 6806
10 0 77 9066
9 1 74 4366
8 1 15 9203
7 1 90 1542
6 0 60 2278
5 0 91 3903
4 0 65 7244
3 0 8 7373
2 1 40 9059
1 1 80 64
0 1 57 679
