999 4 8543 30
998 76 234 66
997 96 9716 3
996 95 5292 43
995 92 2105 73
994 94 4549 44
993 81 439 17
992 63 2727 93
991 36 8060 51
990 50 7467 52
989 53 6284 61
988 54 6090 17
987 87 6068 80
986 27 51 69
985 71 2151 62
984 2 1708 31
983 97 9607 32
982 58 6433 29
981 60 4496 57
980 21 8644 94
979 66 9246 72
978 36 4582 35
977 61 2941 82
976 56 7249 40
975 31 9734 46
974 85 2851 93
973 87 9632 46
972 12 1996 44
971 94 9915 95
970 64 9234 67
969 74 3597 84
968 36 8458 47
967 14 5938 12
966 94 5606 97
965 89 26 39
964 55 8130 98
963 5 3351 69
962 17 7893 86
961 85 3586 36
960 24 8421 7
959 0 8660 40
958 59 7247 28
957 70 2651 19
956 15 1739 30
955 93 8037 93
954 63 9414 35
953 93 6612 13
952 15 4074 68
951 44 9632 22
950 92 1718 50
949 71 2792 54
948 52 3838 20
947 58 8850 11
946 35 5387 6
945 30 8051 35
944 58 7000 10
943 69 8951 90
942 35 4155 29
941 49 7434 27
940 21 1313 95
939 71 8955 42
938 81 434 84
937 20 5276 9
936 45 1070 42
935 87 5487 51
934 91 8876 67
933 73 4934 12
932 84 2009 60
931 69 3737 11
930 89 5977 3
929 64 9375 4
928 18 4211 31
927 3 3239 14
926 72 4287 74
925 35 8180 42
924 33 3399 7
923 20 4327 26
922 55 8331 24
921 20 7541 94
920 98 7939 15
919 44 7084 36
918 20 2440 21
917 21 2163 17
916 87 1999 36
915 15 2204 42
914 62 8671 92
913 41 6257 1
912 91 6395 88
911 13 5761 91
910 19 1002 80
909 63 8319 59
908 45 2410 79
907 3 2329 28
906 87 8574 68
905 52 6301 79
904 83 1653 26
903 89 6366 47
902 5 1982 10
901 81 433 84
900 8 8641 78
899 17 7246 75
898 46 1094 22
897 89 9175 69
896 27 439 63
895 13 6697 89
894 74 9397 77
893 87 28 1
892 17 2938 69
891 9 1362 2
890 6 3616 81
889 40 9688 57
888 25 6411 31
887 35 7587 40
886 12 4109 88
885 53 4062 35
884 96 9648 78
883 31 87 10
882 23 4431 28
881 46 1643 50
880 0 7459 43
879 95 8791 62
878 54 8423 88
877 8 5922 18
876 85 2780 33
875 23 7185 62
874 65 8457 79
873 85 6992 32
872 74 3077 37
871 4 9360 19
870 62 4075 51
869 74 9934 0
868 85 1047 51
867 16 7114 12
866 40 9629 70
865 89 5274 24
864 1 6735 41
863 59 6764 26
862 56 9527 19
861 35 12 96
860 19 3166 47
859 28 5121 15
858 91 8028 95
857 5 1915 37
856 26 6721 53
855 78 776 57
854 3 9875 1
853 26 1033 84
852 32 3187 27
851 61 2008 97
850 6 8296 19
849 71 8276 47
848 73 9587 22
847 28 735 16
846 25 9601 77
845 93 9603 52
844 9 9716 28
843 62 5194 78
842 15 2844 23
841 39 6212 33
840 22 6966 63
839 79 9225 91
838 96 7427 66
837 35 4395 43
836 26 7316 86
835 20 4011 94
834 38 7993 56
833 93 3931 76
832 9 3978 52
831 47 3865 11
830 5 8929 51
829 34 7813 51
828 48 1143 88
827 75 9511 81
826 91 4207 52
825 43 2982 97
824 82 8910 78
823 26 4328 34
822 41 9201 75
821 98 4853 93
820 49 203 7
819 17 415 81
818 44 4278 46
817 7 3343 55
816 19 3185 59
815 48 2586 29
814 34 4273 21
813 66 4298 36
812 9 8330 39
811 56 6961 22
810 45 3403 48
809 5 7179 93
808 38 2813 86
807 49 20 50
806 13 8646 59
805 88 3172 46
804 8 6771 99
803 76 3189 25
802 34 5743 97
801 82 8120 21
800 55 453 20
799 4 7252 83
798 92 9787 22
797 87 1172 5
796 83 6927 36
795 48 5504 63
794 3 37 84
793 94 7595 8
792 83 4 29
791 44 4836 35
790 60 132 66
789 56 8449 45
788 53 2266 49
787 34 1219 29
786 92 7274 40
785 46 2867 51
784 1 4333 78
783 8 7249 13
782 61 6789 31
781 71 1557 24
780 68 2236 70
779 61 1366 26
778 58 155 22
777 10 3358 69
776 31 8988 57
775 67 4094 97
774 55 7765 70
773 71 5232 94
772 64 9867 24
771 82 3336 12
770 40 9806 36
769 98 3651 82
768 39 6639 94
767 67 9389 50
766 80 6867 50
765 21 2932 92
764 4 6015 6
763 59 3508 10
762 52 9802 57
761 76 8523 28
760 45 5362 71
759 85 1444 97
758 41 4798 92
757 47 9719 83
756 27 1510 31
755 19 4422 5
754 4 4826 76
753 57 2473 56
752 37 6083 22
751 24 8538 39
750 60 7714 21
749 14 4166 89
748 56 3066 7
747 18 793 89
746 30 912 18
745 93 3689 30
744 49 7709 46
743 20 6173 48
742 85 6917 69
741 41 3464 62
740 50 9314 57
739 63 7224 72
738 71 6113 98
737 55 3982 4
736 90 1571 14
735 70 3686 85
734 68 4531 44
733 40 4215 70
732 55 5388 0
731 74 8877 87
730 55 9814 64
729 0 4626 71
728 9 6854 88
727 97 1436 31
726 18 5786 75
725 60 8092 38
724 41 202 21
723 53 7118 83
722 59 2124 87
721 65 8367 25
720 99 2670 84
719 100 2542 86
718 73 8593 69
717 97 7578 60
716 59 334 31
715 79 4642 14
714 55 4323 19
713 0 4317 47
712 74 4346 65
711 16 8319 35
710 8 3 3
709 86 3077 31
708 94 6025 77
707 5 7353 42
706 95 2558 21
705 11 9892 67
704 32 8431 64
703 5 7016 94
702 8 4866 67
701 100 3575 55
700 35 4301 24
699 84 3982 33
698 80 3667 71
697 80 732 36
696 48 7073 45
695 10 6080 91
694 37 4556 83
693 94 5776 61
692 73 3176 60
691 29 1412 78
690 94 9392 57
689 23 1085 25
688 11 1321 76
687 82 1140 68
686 69 6180 90
685 88 3980 99
684 76 9202 28
683 25 7169 91
682 87 5154 53
681 65 5244 82
680 56 436 93
679 25 3651 47
678 61 3424 54
677 84 9593 50
676 57 2001 8
675 53 7924 22
674 89 2938 86
673 77 6250 76
672 42 9920 33
671 66 905 89
670 67 30 12
669 76 465 48
668 38 8106 83
667 6 5530 7
666 63 4277 91
665 2 4567 7
664 7 6565 14
663 79 3187 1
662 37 3249 54
661 8 2793 22
660 42 6251 56
659 10 7881 88
658 31 3284 59
657 19 2459 95
656 63 4261 62
655 75 5755 91
654 85 9491 29
653 26 8994 33
652 5 7002 85
651 2 6002 38
650 79 383 86
649 46 165 11
648 3 153 80
647 95 1648 52
646 50 4421 54
645 89 8639 75
644 8 7940 56
643 19 3040 66
642 80 9180 28
641 73 4670 55
640 86 5184 13
639 49 6344 58
638 86 8460 76
637 39 8702 28
636 51 915 42
635 66 6003 9
634 48 106 63
633 7 1801 2
632 50 7726 45
631 97 3584 18
630 14 4397 4
629 53 4 78
628 13 8986 24
627 86 5095 74
626 39 5291 49
625 32 5398 41
624 62 7261 20
623 86 7515 93
622 6 5610 6
621 90 8903 19
620 35 5193 32
619 22 8701 89
618 37 9150 21
617 49 8755 11
616 34 7440 55
615 92 7127 83
614 41 4762 25
613 85 607 86
612 44 5409 78
611 39 1139 97
610 42 770 14
609 24 1751 34
608 93 6153 72
607 89 6942 10
606 37 4937 12
605 57 1424 51
604 61 2283 80
603 13 4297 74
602 99 3900 17
601 87 1239 73
600 64 341 14
599 80 5167 69
598 29 3042 75
597 43 4176 6
596 70 8156 84
595 43 1206 39
594 63 551 4
593 2 2643 86
592 0 1121 0
591 20 5781 53
590 49 8119 67
589 31 9944 17
588 56 6840 0
587 69 9157 22
586 13 3054 69
585 99 8661 92
584 79 8174 38
583 14 9107 52
582 93 7028 29
581 98 9316 91
580 60 85 85
579 92 3798 69
578 9 260 33
577 48 7635 77
576 54 3042 44
575 3 3217 73
574 84 2486 67
573 62 9855 32
572 15 4895 33
571 84 6038 14
570 39 518 15
569 2 9790 72
568 87 1492 28
567 66 1616 68
566 34 2778 63
565 59 2467 96
564 30 6363 82
563 69 203 91
562 49 6346 27
561 54 349 72
560 11 2257 55
559 23 8574 89
558 22 5996 14
557 59 6636 98
556 45 7804 52
555 74 2486 7
554 14 3353 53
553 82 1543 25
552 37 6964 1
551 88 5538 41
550 84 8038 7
549 0 2915 0
548 19 721 55
547 26 4346 63
546 78 2435 43
545 0 3155 42
544 22 8268 35
543 62 1570 3
542 94 2766 13
541 12 7467 59
540 90 1281 9
539 91 4010 61
538 41 7384 30
537 99 1432 16
536 78 4320 33
535 45 2104 78
534 94 9803 46
533 49 1204 19
532 41 9956 66
531 30 3497 87
530 34 3302 59
529 18 5731 32
528 55 3768 84
527 6 5935 70
526 99 7332 8
525 85 7781 63
524 6 9015 72
523 61 4078 89
522 15 8150 86
521 59 2625 98
520 54 8373 13
519 79 6030 10
518 78 2435 75
517 42 1832 58
516 4 5002 21
515 83 8362 65
514 26 9217 87
513 72 3312 48
512 28 5468 37
511 70 6965 97
510 40 427 33
509 44 7811 52
508 85 1838 30
507 68 2862 5
506 72 4983 2
505 43 5132 65
504 70 5275 79
503 40 2560 0
502 16 6369 23
501 34 4719 96
500 62 3779 71
499 4 3636 96
498 7 1663 26
497 82 2337 86
496 59 6110 63
495 2 8034 89
494 0 4822 33
493 78 6446 59
492 37 9134 64
491 57 8282 68
490 90 4241 63
489 8 3598 48
488 68 8142 88
487 17 5739 45
486 49 9461 5
485 64 5332 37
484 26 4102 59
483 26 9798 54
482 56 5219 99
481 63 6965 88
480 32 8358 72
479 60 9647 15
478 90 2664 18
477 88 4148 8
476 79 8033 11
475 46 9618 95
474 3 2775 1
473 33 905 53
472 98 2751 95
471 64 994 0
470 20 9389 97
469 58 6603 23
468 0 7391 7
467 37 4948 21
466 79 2207 78
465 43 30 84
464 29 2692 3
463 58 3525 80
462 80 728 8
461 60 1256 49
460 13 8212 34
459 84 3212 34
458 9 3692 18
457 100 5054 74
456 69 9253 35
455 77 4894 67
454 76 6121 67
453 19 5560 58
452 83 3440 45
451 3 830 88
450 58 6009 94
449 100 3264 26
448 76 6064 20
447 16 2545 34
446 55 7205 53
445 18 4443 80
444 37 1257 99
443 67 6240 80
442 46 7325 17
441 76 253 59
440 9 4168 72
439 12 6804 27
438 56 7068 35
437 15 6982 94
436 69 6803 83
435 12 5591 3
434 50 9642 7
433 36 3046 37
432 19 6898 22
431 55 5145 71
430 98 4725 37
429 90 2438 54
428 19 6967 20
427 74 1393 33
426 49 3701 51
425 79 9530 77
424 92 6537 94
423 29 8930 88
422 25 1723 92
421 46 4632 86
420 20 6533 64
419 37 783 37
418 0 4425 19
417 39 6680 42
416 71 1924 15
415 10 328 30
414 63 2066 54
413 65 2102 99
412 47 3014 33
411 70 9029 29
410 94 2172 38
409 95 5820 0
408 20 1902 71
407 6 9860 49
406 95 2626 45
405 80 6989 4
404 86 6750 72
403 78 7129 39
402 13 3064 46
401 90 2120 66
400 47 1318 97
399 46 6918 3
398 37 938 90
397 68 4361 43
396 38 183 19
395 26 5794 8
394 100 6063 20
393 33 7051 16
392 40 3280 5
391 43 4485 89
390 30 2958 34
389 6 9700 64
388 14 5624 94
387 53 9831 5
386 28 7669 31
385 98 5035 36
384 36 7424 33
383 72 3615 21
382 42 9053 1
381 56 3387 9
380 87 9150 90
379 31 9481 54
378 25 7066 89
377 40 2134 3
376 9 6198 53
375 68 4780 59
374 77 3984 5
373 4 1356 27
372 24 2979 51
371 8 2661 36
370 50 7981 37
369 52 6861 67
368 67 9162 92
367 23 9374 56
366 65 7289 90
365 94 1782 88
364 88 6555 37
363 76 267 50
362 48 7708 83
361 94 6841 22
360 94 166 81
359 67 9821 20
358 28 4651 65
357 44 3024 84
356 23 4507 85
355 40 1218 50
354 30 3479 51
353 90 348 6
352 95 7470 8
351 4 4702 37
350 63 7315 60
349 31 8693 39
348 65 9566 91
347 33 1241 81
346 73 4976 63
345 66 1373 60
344 59 4998 25
343 29 4034 89
342 7 2420 93
341 64 2078 87
340 14 139 33
339 40 2273 5
338 21 2364 69
337 34 8970 52
336 54 5219 10
335 38 1340 39
334 79 4134 38
333 76 2033 67
332 20 7503 34
331 48 7863 39
330 85 8996 22
329 36 1633 81
328 22 9355 91
327 95 6803 14
326 31 756 32
325 36 8785 72
324 59 5436 12
323 41 140 15
322 55 3652 33
321 41 7694 34
320 10 8193 82
319 33 7613 83
318 96 8745 45
317 18 9395 26
316 87 3279 95
315 91 1816 67
314 37 7139 61
313 29 7001 44
312 51 710 90
311 86 5410 23
310 21 6116 80
309 89 8207 25
308 26 9028 93
307 10 8694 52
306 74 1043 99
305 68 2644 89
304 42 4301 40
303 99 3757 99
302 73 3039 8
301 29 9270 2
300 47 5343 24
299 14 5355 35
298 24 3223 20
297 28 272 70
296 18 6531 21
295 26 9491 85
294 60 325 96
293 95 7200 30
292 89 4073 86
291 97 7535 92
290 13 7211 93
289 14 35 38
288 48 8442 82
287 44 6425 85
286 59 7866 26
285 99 1168 35
284 15 9613 24
283 85 3937 78
282 12 2825 60
281 69 5701 88
280 63 1577 12
279 89 8805 32
278 3 8320 50
277 47 197 98
276 86 272 26
275 31 2257 56
274 65 5817 54
273 70 3955 14
272 55 4948 7
271 77 6983 88
270 43 5005 63
269 14 6517 7
268 41 2130 65
267 71 9272 36
266 57 9905 16
265 95 757 21
264 40 6041 53
263 81 2331 67
262 71 1454 55
261 59 1986 0
260 84 7568 95
259 38 4924 36
258 11 7200 20
257 59 516 71
256 83 5642 82
255 25 340 15
254 93 8081 84
253 32 2733 35
252 23 8830 96
251 7 572 0
250 9 142 99
249 27 7766 68
248 34 5246 1
247 90 5209 22
246 53 8176 86
245 84 9156 5
244 24 8487 26
243 12 2892 43
242 26 5055 44
241 72 1417 75
240 85 8312 52
239 85 2572 53
238 83 8039 50
237 3 1112 85
236 78 6871 94
235 12 2343 96
234 81 8177 56
233 85 343 16
232 62 5282 56
231 7 3274 51
230 79 6856 55
229 9 2800 24
228 67 1390 55
227 58 8999 90
226 93 8690 82
225 89 2894 58
224 53 5467 16
223 93 6877 19
222 77 6741 95
221 34 8695 25
220 27 9277 54
219 7 7375 75
218 42 7320 46
217 7 6071 82
216 92 9662 6
215 97 1119 54
214 22 7316 59
213 94 5717 54
212 33 431 83
211 79 4244 23
210 23 4003 22
209 41 3599 11
208 4 4923 60
207 26 1892 32
206 27 8275 35
205 63 5107 3
204 32 3561 20
203 37 9720 23
202 9 5307 96
201 1 3226 38
200 66 9718 7
199 94 2550 2
198 22 6934 99
197 85 8649 21
196 92 3989 2
195 29 9531 36
194 29 8226 17
193 6 6363 21
192 71 2385 1
191 49 2189 9
190 66 3512 87
189 24 3042 89
188 12 3966 71
187 66 5894 14
186 67 971 17
185 8 2534 15
184 79 5892 5
183 96 6136 70
182 74 3152 4
181 94 6111 63
180 28 8108 84
179 19 3925 83
178 81 7312 40
177 78 7885 66
176 1 7749 16
175 30 3919 58
174 71 7195 17
173 12 8177 47
172 15 1602 95
171 44 3309 45
170 28 2634 75
169 35 4220 25
168 89 2626 14
167 14 4504 53
166 69 5970 59
165 52 2632 72
164 24 478 94
163 74 4102 96
162 42 107 57
161 29 4389 47
160 14 4656 86
159 97 1470 77
158 52 6774 91
157 73 7744 71
156 81 2532 45
155 14 4910 65
154 54 112 11
153 86 9752 39
152 94 5827 15
151 94 5217 78
150 86 5173 73
149 2 1461 33
148 42 4659 48
147 23 4065 28
146 26 7043 76
145 10 478 94
144 42 3105 99
143 34 4161 66
142 71 1744 72
141 1 2119 8
140 77 6520 78
139 73 2270 39
138 80 3884 85
137 32 3312 54
136 8 4014 98
135 78 5406 76
134 60 2317 22
133 66 4104 77
132 89 1214 80
131 33 515 96
130 25 4823 25
129 41 3901 61
128 79 9691 19
127 29 6230 97
126 52 3686 70
125 15 8389 40
124 16 6921 35
123 17 3122 8
122 33 592 55
121 70 5313 67
120 33 8344 9
119 83 9623 86
118 52 1557 49
117 77 3115 98
116 67 1265 82
115 19 7527 70
114 19 4060 77
113 82 1576 55
112 17 9847 94
111 90 1597 97
110 12 5486 48
109 30 5892 62
108 56 7621 1
107 31 8425 88
106 81 4093 66
105 23 1722 5
104 7 7395 62
103 62 2053 35
102 75 8264 46
101 58 9159 56
100 2 6981 83
99 7 7040 99
98 55 8545 98
97 59 9197 97
96 30 2591 96
95 29 7034 95
94 58 1292 94
93 73 7238 93
92 98 9906 92
91 46 4263 91
90 26 5098 90
89 71 2401 89
88 51 8027 88
87 74 1140 87
86 29 6518 86
85 29 8863 85
84 99 1032 84
83 49 7996 83
82 80 5085 82
81 71 637 81
80 26 1960 80
79 65 5102 79
78 84 8209 78
77 3 8986 77
76 59 224 76
75 36 8353 75
74 71 4685 74
73 90 3484 73
72 22 5621 72
71 60 2237 71
70 68 5482 70
69 93 1170 69
68 18 1042 68
67 19 9158 67
66 17 1826 66
65 63 5151 65
64 100 7476 64
63 74 6900 63
62 62 612 62
61 56 9721 61
60 22 4710 60
59 8 3752 59
58 66 2484 58
57 36 3612 57
56 7 8066 56
55 62 4024 55
54 13 9536 54
53 58 9924 53
52 57 1303 52
51 23 8604 51
50 56 5321 50
49 10 8097 49
48 49 1494 48
47 37 8258 47
46 56 3802 46
45 88 7079 45
44 51 5605 44
43 6 3067 43
42 8 793 42
41 73 5325 41
40 83 9967 40
39 0 5400 39
38 96 5659 38
37 42 7607 37
36 76 8883 36
35 58 7656 35
34 4 9392 34
33 3 8004 33
32 7 2428 32
31 12 1625 31
30 56 4948 30
29 41 1728 29
28 86 3022 28
27 25 6733 27
26 24 3065 26
25 15 6264 25
24 14 324 24
23 6 3561 23
22 18 4680 22
21 33 6818 21
20 68 6168 20
19 45 8899 19
18 7 7281 18
17 71 1166 17
16 77 1678 16
15 34 5121 15
14 43 8084 14
13 62 4657 13
12 9 5892 12
11 45 708 11
10 50 7939 10
9 29 3081 9
8 56 5000 8
7 73 3289 7
6 71 4801 6
5 50 2002 5
4 3 8509 4
3 85 4355 3
2 63 7542 2
1 66 9379 1
0 76 9200 0
